23.790858
8.212503
8.212503
8.212503
8.212503
8.730589
8.212503
8.212503
8.814669
8.806394
12.076758
-75.398017
-95.872572
-95.872634
61.597927
-7.969737
-95.872647
-95.872632
6.382608
-79.666926
-67.098782
8.806394
8.806394
8.806394
-99.475032
-95.872647
-96.284413
-62.849562
-96.092156
2.329084
-66.989321
-12.024481
-12.030443
2.324408
1.979942
-11.105777
2.974390
-95.872646
-97.902769
-42.899047
8.212503
8.212503
8.212503
8.212503
8.212503
15.448404
-63.351721
8.806394
8.212503
8.212503
8.806394
-126.695827
8.212503
8.212503
8.212503
-96.138948
-63.141713
-95.872666
-95.873820
25.568805
8.212503
25.568773
8.212503
8.212503
8.212503
8.220842
8.212678
-95.871575
26.759064
8.212503
10.625856
8.212503
8.212503
8.212503
8.212503
8.212503
8.806394
8.212503
8.212607
8.212503
8.212503
8.213919
8.212503
8.212503
10.664212
8.212503
8.212758
8.212503
8.212606
8.212503
8.806394
8.806394
8.212503
8.212503
12.342879
12.343244
12.343245
10.672888
10.896178
12.161614
10.674036
10.667365
12.343245
12.343245
12.343245
12.343245
12.343245
