13.851783
13.885822
13.885754
13.884416
13.885843
13.870739
13.885932
13.884645
13.860656
13.826578
13.810823
13.785904
13.786014
13.786046
13.812159
13.796796
13.786015
13.786022
13.807793
13.786541
13.787810
13.837994
13.834744
13.815981
13.785945
13.786070
13.785937
13.787658
13.786667
13.797649
13.786541
13.789714
13.787941
13.797726
13.792068
13.790925
13.794556
13.786021
13.785927
13.789110
13.885646
13.885697
13.885244
13.885636
13.885341
13.812301
13.786168
13.830907
13.885434
13.885700
13.819968
13.785910
13.876474
13.884942
13.884272
13.785922
13.786446
13.785943
13.785962
13.812802
13.885625
13.812390
13.885337
13.885621
13.885580
13.885559
13.836839
13.786008
13.845105
13.882714
13.885596
13.885551
13.885576
13.885313
13.882672
13.875845
13.818150
13.885569
13.875798
13.884844
13.885288
13.885559
13.885481
13.885600
13.884976
13.878093
13.884634
13.885362
13.884724
13.885151
13.854528
13.821654
13.884840
13.885203
13.947435
13.965278
13.974645
13.907492
13.918436
13.927691
13.914364
13.911001
14.732463
14.744604
14.735933
14.722040
14.744032
